0.0513481
0.0410814
0.0310485
0.0212439
0.0116625
0.00229918
0.00685099
0.0157929
0.0245312
0.0330706
0.0412607
0.0312237
0.0214151
0.0118298
0.0024627
0.00669119
0.0156367
0.0243786
0.0329215
0.0259319
0.0162438
0.00677625
0.00247582
0.0115173
0.020353
0.0289875
0.0388386
0.0288567
0.019102
0.00956939
0.000253737
0.00884987
0.0154654
0.00601552
0.00321924
0.0122438
0.0210629
0.0296813
0.0197488
0.0102014
0.000871353
0.00824631
0.0171564
0.0128069
0.00341757
0.00575805
0.0147248
0.0117806
0.00241461
0.00673818
0.0156826
0.018463
0.00894489
0.000356552
0.00944626
0.00122739
0.00789838
0.0168164
0.0109708
0.00162329
0.00751149
0.00911111
0.000194112
0.00928752
0.00567019
0.00355671
0.0125736
0.00828499
0.00100143
0.00409094
0.00510001
0.0140817
0.00358455
0.00559488
0.00437472
0.00482269
0.00427688
0.0049183
0.00912722
0.000178372
0.00172527
0.00741183
0.00466393
0.00454006
0.00151009
0.00708006
0.00217893
0.00749346
0.00177494
0.00189334
0.00652303
0.00272328
0.000754454
0.00386819
0.00531769
0.00127666
0.000241884
0.00553611
0.00368774
0.00205084
0.000693643
0.00378621
0.00122879
0.00505449
0.00533413
0.00388512
0.00382922
0.00102798
0.00433088
0.00204984
0.00283337
0.00378726
0.0022715
0.004114
0.0024627
0.000677353
0.00116519
0.00326789
0.00375435
0.00129125
0.000920323
0.00391997
0.00170527
0.00130249
0.00160808
0.000277704
0.00261317
0.000908673
0.00271491
0.00110668
0.00199258
0.00304496
0.00114043
0.00114718
0.00153829
0.00170392
0.00165412
0.00156138
0.00194583
0.00251906
0.00225256
0.00120209
0.00131023
0.00120573
0.000361467
0.002859
0.000913999
0.00115102
0.00126577
0.00112473
0.0007744
0.00238056
0.000484919
0.000667354
0.00055973
0.000249567
0.000701708
0.000926044
0.000932712
0.000160281
0.00141109
0.00144628
0.000194112
0.00128561
0.00010656
0.000326855
0.00108901
0.0016092
0.000276557
0.000867649
0.0011302
0.000800996
0.000279098
0.00107259
4.46334e-05
0.000729988
5.64337e-05
0.000384467
0.000490445
0.000384307
7.56549e-05
0.000648471
6.21657e-05
0.0011048
5.6229e-06
0.000219042
0.000215651
0.000473224
0.000402857
0.000788365
2.86363e-05
0.000264562
0.000754454
0.00101482
0.000657495
0.000108823
0.00051895
0.000412016
5.47782e-05
7.93181e-05
0.000346698
0.000395736
9.6531e-05
0.000126109
4.49641e-05
0.00017454
0.000401242
0.00043738
0.00029082
0.000357797
0.000473686
0.000286166
0.000166024
0.000258295
0.000302033
5.95007e-05
3.49456e-05
0.000218569
0.000371683
0.000276792
0.000174214
0.000283253
0.000176221
0.000127587
0.00018873
8.26023e-05
0.000134588
2.29286e-05
0.000347881
0.000138861
7.98527e-05
0.000156219
2.19761e-05
0.00015105
0.000206134
0.000309149
0.000163246
0.000214609
6.56363e-05
0.000116311
4.2626e-05
1.27037e-05
0.000123086
0.00017451
1.64373e-05
9.54198e-05
7.1909e-05
9.29824e-05
2.04047e-06
0.000226575
0.000103309
2.18044e-05
6.58169e-05
5.30103e-05
0.00014069
0.000239344
0.0001583
8.56118e-05
2.0154e-05
0.000107254
0.000103862
1.52525e-06
5.55669e-05
6.56323e-05
2.70798e-05
6.1501e-05
0.000102264
2.26612e-05
5.90963e-05
0.000124069
9.18351e-05
5.68586e-05
1.46618e-05
2.56812e-05
1.85002e-05
7.20661e-05
0.000124443
8.98683e-05
2.77618e-05
0.000102968
8.93061e-05
5.00887e-05
6.21657e-05
2.71426e-05
5.57717e-05
7.20204e-05
2.40838e-05
5.20811e-06
3.69677e-05
7.3243e-05
1.50414e-05
5.11443e-05
4.53517e-05
7.72791e-05
1.96932e-05
7.96007e-06
2.44077e-05
3.08271e-06
5.42105e-05
8.31291e-06
3.44483e-05
2.27837e-05
2.86789e-06
3.57852e-05
4.49641e-05
1.9933e-05
6.88487e-05
2.39633e-05
5.54714e-05
8.81246e-06
5.18628e-06
4.37823e-05
4.45236e-05
1.10169e-06
2.55595e-05
1.03771e-05
1.09429e-05
7.4623e-06
2.78471e-05
7.98491e-06
9.12179e-07
2.6544e-05
2.98822e-05
2.54384e-05
9.04826e-06
2.40719e-05
1.12531e-06
1.43355e-05
1.6277e-05
3.48667e-06
2.76874e-05
1.37068e-05
2.78413e-05
4.99978e-06
2.56433e-08
1.46973e-05
1.84901e-05
7.38987e-06
6.67898e-06
1.08931e-05
1.18969e-06
7.93972e-07
3.07522e-05
6.93698e-06
2.13531e-05
9.24939e-06
1.17598e-05
1.06903e-05
1.35289e-05
9.18975e-06
1.55377e-05
1.10828e-05
2.9515e-06
1.86632e-05
9.39996e-06
1.4445e-05
1.49655e-05
1.56856e-06
1.90289e-06
9.15778e-06
7.99847e-06
1.00417e-05
2.69148e-06
7.56625e-06
3.23567e-06
2.26654e-05
1.15905e-05
7.00895e-06
8.35537e-06
3.43726e-06
1.84312e-06
4.02539e-06
5.1709e-06
6.29998e-06
4.39862e-07
1.03697e-05
3.85837e-06
4.40313e-06
1.04882e-05
3.94133e-06
4.17181e-06
1.72688e-06
8.48986e-07
8.77923e-06
6.08025e-07
1.12919e-05
9.7163e-06
9.88827e-06
4.19487e-06
2.7387e-06
1.9381e-06
4.34425e-06
5.31439e-07
4.24582e-06
4.2075e-06
3.71828e-06
5.3868e-06
6.34867e-07
2.83883e-07
4.76265e-06
3.71565e-06
9.49655e-07
6.18119e-06
6.64436e-06
2.49847e-06
1.38007e-06
5.39167e-06
3.39461e-07
2.24383e-06
2.46783e-06
2.4304e-06
2.00118e-06
2.84959e-06
6.61412e-06
2.08781e-06
1.90378e-06
3.74207e-06
2.77103e-06
1.95204e-06
9.75344e-07
3.10125e-06
1.26616e-06
6.14555e-07
2.96587e-06
9.34037e-07
1.29127e-06
3.03192e-06
1.29305e-06
3.53141e-06
1.85136e-06
1.60479e-06
1.81199e-06
2.04914e-06
1.75422e-06
1.5602e-06
2.34987e-06
1.19799e-06
1.4901e-06
5.52552e-07
4.13973e-07
1.57273e-06
1.90557e-06
9.04887e-07
4.91872e-07
2.58086e-06
6.32346e-07
1.47306e-06
2.2413e-06
2.57211e-07
1.33092e-06
1.27492e-06
1.43332e-06
1.91772e-07
1.25676e-06
6.06031e-07
7.55478e-07
3.23511e-07
1.56856e-06
9.90335e-07
6.51857e-07
1.02658e-06
6.73605e-07
1.94697e-07
1.87303e-06
7.38356e-07
6.35988e-07
1.72306e-06
1.15035e-06
3.43076e-07
1.31215e-06
1.15087e-06
3.35412e-08
7.78902e-07
8.06471e-07
1.91474e-07
7.35689e-07
3.62075e-07
8.67952e-07
1.2412e-07
1.12277e-06
7.77021e-07
1.18953e-06
2.01258e-07
4.57805e-07
8.96438e-07
5.1028e-07
6.16879e-07
4.08075e-07
8.36116e-07
5.03943e-07
6.27769e-07
5.02733e-07
5.31439e-07
2.38045e-07
1.74305e-07
2.14774e-07
8.21796e-07
1.08649e-07
7.94129e-08
1.47311e-07
1.00744e-07
2.71561e-07
1.14072e-07
4.92398e-07
3.49283e-07
4.75219e-07
4.75037e-08
6.34758e-07
2.23797e-07
7.02351e-08
2.25701e-07
1.15973e-07
4.54392e-08
7.29111e-08
7.70941e-08
6.1167e-08
3.38395e-07
4.37327e-08
1.10976e-07
7.93189e-08
1.82357e-07
1.96537e-07
1.26096e-08
3.10016e-07
3.35099e-07
7.44404e-08
2.09309e-07
1.11888e-08
1.10171e-07
2.49951e-07
3.98273e-08
2.27125e-07
1.09619e-07
3.08403e-08
1.32941e-07
2.52573e-08
1.65027e-07
1.37895e-07
1.70601e-07
1.00428e-08
5.33977e-08
1.19086e-07
1.84458e-08
1.05166e-07
1.90435e-07
1.39943e-07
9.0823e-08
1.09903e-07
2.74422e-08
1.28582e-07
1.51352e-07
3.95063e-08
8.69964e-08
7.43152e-08
1.05731e-07
2.67801e-08
2.27954e-07
1.67835e-07
1.69034e-07
2.76071e-08
6.79503e-08
7.71343e-09
2.82442e-08
7.89343e-08
2.30318e-08
6.30534e-08
2.27141e-08
1.86066e-07
1.25615e-07
3.37517e-08
2.59477e-08
3.41076e-08
8.05148e-08
3.33828e-08
6.5207e-08
6.63654e-08
6.06143e-08
1.58428e-08
4.86158e-08
5.36835e-08
6.21891e-08
1.00122e-07
8.79061e-09
4.72701e-08
5.63884e-08
6.9215e-08
4.21791e-08
1.06742e-07
3.28717e-08
3.23988e-08
2.73977e-08
5.21525e-08
5.2528e-08
4.72926e-08
2.48681e-08
1.87927e-08
1.51223e-08
2.87847e-09
6.59053e-08
3.02016e-08
3.8034e-08
6.74864e-08
1.46731e-08
2.56622e-08
1.22394e-09
1.13967e-08
1.72861e-08
4.44266e-08
2.17938e-08
4.25678e-08
3.27891e-08
1.86839e-08
3.35161e-08
4.24699e-09
4.85755e-08
1.25185e-08
2.63601e-08
4.37327e-08
3.6362e-09
1.02836e-08
3.65499e-08
4.67896e-08
1.26096e-08
3.5713e-09
4.29869e-09
1.591e-08
3.7715e-08
7.44328e-09
1.9131e-08
1.86365e-08
5.05043e-09
2.77642e-08
6.62138e-09
1.61536e-09
9.78489e-09
9.75986e-09
2.87249e-08
4.69515e-09
1.7419e-08
4.09107e-09
1.56629e-08
2.46021e-08
5.2553e-09
1.08461e-08
1.11136e-08
7.77746e-09
1.86439e-08
1.94131e-08
7.02305e-09
6.14075e-09
2.24706e-09
3.38013e-09
7.30167e-09
2.64176e-09
2.43466e-08
7.22371e-09
8.17417e-09
9.58941e-09
1.3899e-08
1.69822e-08
6.9463e-09
1.7836e-08
3.27636e-09
5.73573e-09
7.13569e-09
8.68353e-09
5.68592e-11
1.54627e-08
1.21108e-08
1.25007e-08
5.18034e-09
1.32466e-08
7.7949e-09
7.54119e-09
8.3868e-09
1.08386e-08
6.35143e-09
9.95084e-09
2.55302e-09
8.21111e-09
1.70337e-09
1.9749e-09
1.71181e-09
9.17846e-09
1.22477e-09
6.04824e-10
9.23431e-10
9.01404e-10
3.71727e-09
5.58175e-09
3.17677e-09
5.20065e-09
1.69747e-09
5.69864e-09
6.99951e-09
6.71238e-10
7.51395e-09
2.87849e-09
3.12085e-09
5.34976e-09
1.29931e-10
3.06749e-09
1.89338e-09
6.71655e-09
1.22392e-09
9.71848e-10
3.86625e-09
6.03793e-09
1.59345e-09
2.55336e-09
2.81458e-10
2.86127e-09
4.56582e-09
8.96864e-10
3.33443e-09
2.2186e-09
4.28152e-11
8.34279e-10
1.34398e-09
3.15683e-09
6.64288e-10
2.73752e-10
6.62993e-11
3.57132e-09
3.05753e-10
3.01939e-10
4.17061e-10
3.73592e-09
2.71846e-09
2.7156e-09
1.57277e-09
5.76042e-10
1.68151e-09
1.61534e-09
1.316e-09
2.01112e-09
1.46444e-09
2.55145e-10
1.50957e-09
1.49103e-10
2.29286e-09
1.04355e-09
2.61723e-09
5.33914e-10
1.03614e-09
1.62244e-09
5.99149e-10
6.03521e-10
2.4277e-09
5.95378e-10
5.27745e-11
9.08537e-10
1.0804e-09
4.29936e-10
6.68396e-10
3.78966e-10
1.38146e-09
1.61638e-09
2.10633e-10
9.30094e-10
8.45878e-10
8.03011e-10
7.79553e-10
4.25238e-11
1.75731e-11
6.37039e-10
8.15872e-10
8.55947e-10
1.23775e-09
4.58392e-10
3.34602e-10
3.93367e-10
7.99283e-10
4.34752e-10
1.79461e-10
8.83793e-10
2.80676e-10
6.5468e-10
3.25886e-10
7.91765e-10
5.37408e-11
7.11892e-10
6.6155e-10
5.85975e-11
2.79672e-10
3.7534e-10
5.1334e-10
3.4647e-11
3.99007e-10
2.18351e-10
3.17433e-10
7.86488e-11
3.88149e-10
8.08631e-12
1.70736e-10
1.07299e-10
2.86002e-10
6.47962e-10
5.12084e-10
3.30675e-10
1.29911e-10
3.22966e-10
9.45805e-11
8.88396e-10
3.58185e-10
6.62613e-10
6.20227e-11
1.63301e-10
1.50546e-10
5.48701e-10
2.81438e-10
1.01176e-10
4.34701e-10
1.3193e-10
1.84342e-10
2.37596e-10
4.27956e-11
1.30569e-10
3.13474e-11
2.4477e-10
2.26454e-10
5.98083e-11
1.42736e-10
1.05991e-10
1.06087e-10
2.83346e-10
2.2642e-10
1.76823e-10
1.69335e-10
2.24496e-10
1.66057e-10
1.03682e-10
2.09047e-11
3.32022e-10
1.11281e-10
3.57203e-12
1.0144e-10
1.88873e-10
2.07872e-10
1.49123e-10
1.93346e-10
3.62905e-11
2.08452e-11
1.10616e-10
2.84152e-11
2.68356e-10
1.22622e-10
1.57401e-11
2.14618e-10
7.82563e-11
5.27549e-11
1.63605e-10
7.21161e-11
1.22744e-10
1.68076e-10
1.2144e-11
5.19074e-11
6.44681e-11
1.19397e-10
5.08505e-11
2.56276e-11
1.33821e-10
5.27289e-11
1.23875e-10
9.70732e-11
1.39654e-10
5.68199e-11
1.08315e-10
7.79349e-11
3.33897e-11
1.15407e-11
8.01551e-11
5.99537e-12
8.20615e-11
5.32137e-11
4.16346e-11
2.0804e-11
6.54637e-11
1.96041e-11
1.08501e-10
5.37211e-11
4.03835e-11
3.13838e-11
5.86171e-11
2.89082e-11
8.13167e-11
1.34492e-11
5.89365e-11
1.04072e-10
5.10519e-12
7.56862e-11
3.59849e-11
1.27616e-11
4.88292e-11
6.82515e-11
2.94235e-11
1.96903e-11
2.1183e-11
6.9209e-11
5.98337e-11
4.35805e-11
1.78041e-11
2.82949e-11
1.41891e-11
5.31377e-11
1.32425e-11
2.86498e-11
4.51619e-11
2.26189e-11
4.1068e-11
5.83078e-12
6.5698e-12
3.9011e-11
3.35287e-12
8.42404e-12
1.65593e-11
4.27759e-11
3.36446e-11
3.74394e-11
4.64187e-11
7.52665e-12
1.70037e-11
1.72833e-11
2.42532e-11
6.24489e-12
9.3261e-12
1.67136e-11
9.15384e-12
1.27634e-11
1.09551e-11
2.52351e-11
3.22389e-11
4.27924e-12
7.48512e-12
1.61501e-11
2.74033e-11
1.05911e-11
1.83065e-11
5.36904e-12
2.04635e-11
4.55191e-15
9.31466e-12
1.87459e-11
5.37625e-12
1.5838e-11
2.44554e-12
2.30416e-12
1.57597e-11
1.92951e-11
2.21415e-11
2.12153e-12
2.7614e-12
1.1724e-11
2.06221e-11
7.96085e-12
1.21244e-11
5.4069e-12
1.95948e-11
9.90957e-12
6.24167e-12
1.69323e-11
1.46102e-11
1.38324e-11
6.23601e-12
1.41798e-11
1.74305e-13
1.12584e-11
2.96807e-12
1.2677e-11
2.00917e-12
4.63785e-12
1.04305e-12
7.20679e-12
4.51689e-12
3.58685e-12
7.7422e-12
2.73592e-12
5.25957e-12
1.49234e-11
1.57219e-12
4.21319e-12
8.12267e-12
1.43163e-13
8.07521e-12
6.21558e-12
1.97603e-12
5.72709e-12
2.75507e-12
1.1407e-12
8.3229e-12
2.91417e-12
1.85768e-12
2.67619e-13
3.97088e-12
4.49646e-12
1.73839e-12
6.49869e-13
6.29308e-12
3.43048e-12
3.00987e-12
1.96676e-12
2.55834e-12
5.08221e-12
1.98064e-12
3.83704e-12
2.23788e-12
4.56996e-12
8.476e-13
4.47531e-13
1.56741e-12
5.21239e-12
3.89633e-12
4.7774e-12
8.00582e-13
3.41682e-12
1.8418e-12
1.95177e-12
1.52034e-12
7.83207e-13
3.83787e-12
9.39804e-13
1.29841e-13
2.6299e-12
1.76098e-12
2.23238e-12
2.36039e-12
4.26215e-13
2.00578e-12
3.747e-14
2.59515e-13
9.11049e-13
1.63253e-12
9.38472e-13
6.09179e-13
1.27454e-12
3.61128e-12
1.52395e-12
2.00695e-12
1.88211e-12
7.56895e-13
2.77756e-12
1.14075e-13
2.33924e-12
2.00562e-13
5.18197e-13
2.42589e-12
1.08158e-12
6.79123e-13
2.04281e-12
8.29947e-13
5.31242e-14
1.66961e-12
1.26604e-12
8.60367e-13
9.37028e-13
6.06959e-13
1.56503e-12
1.86329e-12
1.08968e-13
8.71359e-13
1.26521e-12
1.55143e-12
3.3562e-13
1.33643e-12
6.48537e-13
1.35947e-12
1.4666e-13
2.06501e-14
3.90243e-13
5.7282e-13
2.26502e-12
2.90323e-13
8.4821e-14
1.2671e-12
1.67327e-12
8.75688e-13
2.06779e-12
1.20204e-12
1.08497e-12
4.27214e-13
3.44502e-13
1.65479e-12
1.41259e-12
3.58047e-13
7.85594e-13
1.46638e-12
9.58178e-13
1.33138e-12
2.49856e-12
1.04344e-12
1.58418e-12
1.11056e-12
1.79839e-12
1.91308e-12
2.08678e-12
1.35625e-12
2.53236e-12
2.18409e-12
1.95766e-12
2.63528e-12
2.87081e-12
2.50772e-12
2.74331e-12
2.93238e-12
3.73734e-12
2.9991e-12
3.34166e-12
3.48566e-12
4.46798e-12
4.36784e-12
4.41358e-12
4.16356e-12
4.49463e-12
4.58089e-12
5.10908e-12
5.01588e-12
5.77255e-12
6.19199e-12
6.53233e-12
6.05832e-12
6.8307e-12
7.12402e-12
7.20951e-12
7.25742e-12
7.80287e-12
8.38896e-12
8.60501e-12
9.43895e-12
9.59316e-12
1.00262e-11
1.03719e-11
1.09588e-11
1.15466e-11
1.21113e-11
1.28316e-11
1.32613e-11
1.42069e-11
1.47153e-11
1.53094e-11
1.61841e-11
1.68161e-11
1.77764e-11
1.86758e-11
1.93874e-11
2.04015e-11
2.09945e-11
2.21142e-11
2.3231e-11
2.41959e-11
2.54214e-11
2.68036e-11
2.77035e-11
2.93088e-11
3.07388e-11
3.2036e-11
3.35972e-11
3.52768e-11
3.67683e-11
3.8508e-11
4.05361e-11
4.21151e-11
4.40291e-11
4.64179e-11
4.85706e-11
5.06221e-11
5.31465e-11
5.56985e-11
5.841e-11
6.11316e-11
6.40232e-11
6.71088e-11
7.00166e-11
7.34087e-11
7.69635e-11
8.05074e-11
8.4208e-11
8.82659e-11
9.24489e-11
9.68183e-11
1.01352e-10
1.06065e-10
1.11202e-10
1.16342e-10
1.21857e-10
1.27492e-10
1.33619e-10
1.3992e-10
1.46537e-10
1.53363e-10
1.60675e-10
1.68108e-10
1.76093e-10
1.84352e-10
1.93151e-10
2.02116e-10
2.11742e-10
2.21709e-10
2.32171e-10
2.43094e-10
2.54578e-10
2.66564e-10
2.79117e-10
2.92206e-10
3.06108e-10
3.20451e-10
3.35602e-10
3.51338e-10
3.67893e-10
3.85311e-10
4.03445e-10
4.22406e-10
4.42292e-10
4.63206e-10
4.8505e-10
5.07894e-10
5.31798e-10
5.56879e-10
5.83105e-10
6.10564e-10
6.39417e-10
6.69487e-10
7.01032e-10
7.34115e-10
7.68731e-10
8.04949e-10
8.42837e-10
8.82629e-10
9.24178e-10
9.6771e-10
1.01334e-09
1.0611e-09
1.11114e-09
1.16349e-09
1.21831e-09
1.27573e-09
1.33589e-09
1.39881e-09
1.46472e-09
1.53377e-09
1.60607e-09
1.68176e-09
1.76101e-09
1.84398e-09
1.9309e-09
2.02191e-09
2.11719e-09
2.21699e-09
2.32145e-09
2.43086e-09
2.54541e-09
2.66541e-09
2.79099e-09
2.92253e-09
3.06027e-09
3.20452e-09
3.35555e-09
3.51367e-09
3.67927e-09
3.85268e-09
4.03422e-09
4.22436e-09
4.42346e-09
4.63191e-09
4.85022e-09
5.07881e-09
5.31814e-09
5.56879e-09
5.83124e-09
6.10605e-09
6.39382e-09
6.69515e-09
7.01071e-09
7.3411e-09
7.68708e-09
8.04936e-09
8.42871e-09
8.82595e-09
9.2419e-09
9.67747e-09
1.01335e-08
1.06111e-08
1.11112e-08
1.16349e-08
1.21832e-08
1.27574e-08
1.33586e-08
1.39882e-08
1.46474e-08
1.53378e-08
1.60606e-08
1.68175e-08
1.76101e-08
1.84401e-08
1.93091e-08
2.02191e-08
2.1172e-08
2.21699e-08
2.32147e-08
2.43088e-08
2.54544e-08
2.66541e-08
2.79102e-08
2.92256e-08
3.0603e-08
3.20453e-08
3.35556e-08
3.5137e-08
3.6793e-08
3.8527e-08
4.03427e-08
4.2244e-08
4.4235e-08
4.63197e-08
4.85027e-08
5.07886e-08
5.31823e-08
5.56887e-08
5.83133e-08
6.10615e-08
6.39393e-08
6.69528e-08
7.01082e-08
7.34124e-08
7.68723e-08
8.04952e-08
8.42889e-08
8.82614e-08
9.24212e-08
9.6777e-08
1.01338e-07
1.06114e-07
1.11115e-07
1.16352e-07
1.21836e-07
1.27578e-07
1.33591e-07
1.39887e-07
1.4648e-07
1.53384e-07
1.60613e-07
1.68182e-07
1.76109e-07
1.84409e-07
1.93101e-07
2.02202e-07
2.11732e-07
2.21711e-07
2.32161e-07
2.43103e-07
2.54561e-07
2.66559e-07
2.79122e-07
2.92278e-07
3.06054e-07
3.20479e-07
3.35584e-07
3.51401e-07
3.67964e-07
3.85307e-07
4.03468e-07
4.22485e-07
4.42399e-07
4.63251e-07
4.85087e-07
5.07951e-07
5.31894e-07
5.56965e-07
5.83219e-07
6.10709e-07
6.39496e-07
6.69641e-07
7.01206e-07
7.3426e-07
7.68872e-07
8.05116e-07
8.43069e-07
8.82811e-07
9.24427e-07
9.68006e-07
1.01364e-06
1.06143e-06
1.11146e-06
1.16386e-06
1.21873e-06
1.27619e-06
1.33636e-06
1.39936e-06
1.46534e-06
1.53443e-06
1.60678e-06
1.68254e-06
1.76187e-06
1.84495e-06
1.93195e-06
2.02305e-06
2.11845e-06
2.21835e-06
2.32297e-06
2.43252e-06
2.54724e-06
2.66738e-06
2.79319e-06
2.92493e-06
3.0629e-06
3.20738e-06
3.35868e-06
3.51713e-06
3.68306e-06
3.85682e-06
4.03879e-06
4.22936e-06
4.42893e-06
4.63793e-06
4.85681e-06
5.08603e-06
5.32608e-06
5.57748e-06
5.84077e-06
6.11651e-06
6.40529e-06
6.70773e-06
7.02447e-06
7.35621e-06
7.70364e-06
8.06752e-06
8.44863e-06
8.84778e-06
9.26584e-06
9.70371e-06
1.01623e-05
1.06427e-05
1.11458e-05
1.16728e-05
1.22248e-05
1.2803e-05
1.34086e-05
1.4043e-05
1.47076e-05
1.54037e-05
1.61329e-05
1.68968e-05
1.7697e-05
1.85354e-05
1.94136e-05
2.03337e-05
2.12977e-05
2.23076e-05
2.33657e-05
2.44744e-05
2.5636e-05
2.68532e-05
2.81286e-05
2.9465e-05
3.08655e-05
3.23331e-05
3.38711e-05
3.5483e-05
3.71724e-05
3.8943e-05
4.07989e-05
4.27442e-05
4.47834e-05
4.6921e-05
4.91621e-05
5.15116e-05
5.39749e-05
5.65578e-05
5.92663e-05
6.21065e-05
6.50851e-05
6.8209e-05
7.14857e-05
7.49227e-05
7.85283e-05
8.23111e-05
8.628e-05
9.04446e-05
9.48149e-05
9.94016e-05
0.000104216
0.00010927
0.000114575
0.000120146
0.000125995
0.000132139
0.000138592
0.00014537
0.000152492
0.000159976
0.000167841
0.000176108
0.000184799
0.000193937
0.000203548
0.000213657
0.000224292
0.000235483
0.000247261
0.000259659
0.000272714
0.000286463
