0.0166536
0.00717668
0.00208451
0.0111349
0.0199793
0.0286223
0.0370686
0.0453226
0.0533888
0.0612714
0.0412607
0.0312237
0.0214151
0.0118298
0.0024627
0.00669119
0.0156367
0.0243786
0.0329215
0.00353131
0.0056469
0.0146162
0.0233813
0.0319469
0.0403175
0.0484976
0.0197726
0.0102247
0.000894119
0.00822406
0.0171347
0.0258425
0.00114043
0.0102123
0.0190777
0.0277412
0.0362076
0.0444812
0.0052857
0.00393245
0.0129408
0.021744
0.0303469
0.0128069
0.00341757
0.00575805
0.0147248
2.45777e-05
0.00907381
0.0179651
0.026654
0.00774137
0.00153268
0.0105956
0.0194523
0.00855084
0.017454
0.0261546
0.00184527
0.00729456
0.0162263
0.00911111
0.000194112
0.00928752
0.00227785
0.0113238
0.0201639
0.000867444
0.00825013
0.00299276
0.0120225
0.0208466
0.00302635
0.0120553
0.00437472
0.00482269
0.00175233
0.0108103
0.00336937
0.00580516
0.00377344
0.0127854
0.000587288
0.00967175
0.00151009
0.00217933
0.0069681
0.0028133
0.00634857
0.00636286
0.00215525
0.00699164
0.000754454
0.000208058
0.00930115
0.00261613
0.00404606
0.00181853
0.00732069
0.00205084
0.00416309
0.000395736
0.00208451
0.00181662
0.00533413
0.00388512
0.00685099
0.00398095
0.00721664
0.00486991
0.00283337
0.00648041
0.00490334
0.00154206
0.0024627
0.00177883
0.00123508
0.00561353
0.00375435
0.000948811
0.00126875
0.00605921
0.00170527
0.00334545
0.000388375
0.00167331
0.000706568
0.00095453
0.000894119
0.00110668
0.000253737
0.0013457
0.00114043
0.000475607
4.75497e-05
0.000154174
0.000139648
0.00304138
0.00339214
0.00393245
0.000871353
0.000147681
0.00131023
8.32945e-05
0.00162115
0.00162799
0.000288986
0.00232663
0.000116925
0.00224742
0.000322736
0.0013084
0.00153268
0.000356552
0.00055973
0.000728256
0.000253857
7.76958e-06
2.0154e-05
0.000160281
0.00228258
0.000594629
0.000194112
0.000472291
0.000688244
0.000449857
0.00108901
0.000867444
0.00100143
0.00157602
0.000437958
0.000800996
0.000381992
0.00171863
0.000675969
0.000113023
0.000546487
0.00020473
8.53403e-05
0.000178372
0.000474215
0.000111117
0.000587288
0.000591628
0.000495865
0.000219042
0.000263266
5.20811e-06
0.00086022
0.000788365
0.000465414
0.000162273
0.000754454
0.000607191
0.000259149
0.000280455
0.000241884
0.00115553
0.00078137
0.000630734
0.000693643
0.000282359
0.00075919
0.000773684
0.000361381
0.00079297
0.00020311
0.00102798
0.000867972
0.000921811
7.74901e-05
0.00055548
0.000166024
0.000515489
0.000553372
0.000305119
0.000274973
0.000453133
0.000371683
0.000500799
0.000393121
0.000497178
0.000385275
7.67096e-05
0.000388375
0.000112499
5.60728e-05
0.000209249
0.000165802
3.90736e-05
9.40316e-05
1.37068e-05
0.000144082
0.00015105
0.000364718
0.000154174
0.000163246
0.000214609
0.000210267
0.00025765
4.2626e-05
0.000147681
8.81917e-06
0.00017451
0.000109531
9.54198e-05
4.83895e-05
0.000210543
0.000112844
0.000451114
0.000322736
0.000192628
0.000275368
0.000151771
0.00024075
0.000337127
0.000253857
7.76958e-06
2.0154e-05
1.80756e-05
0.00019101
8.66901e-05
2.76594e-05
1.56994e-05
5.24006e-05
0.000139172
2.63611e-05
2.26612e-05
0.000131583
0.000124069
2.26105e-05
1.07903e-05
0.000117556
3.89229e-05
4.46334e-05
0.000133763
0.000184735
3.09487e-05
8.53403e-05
4.66997e-05
0.000144293
0.000103824
6.21657e-05
2.41743e-05
5.6229e-06
2.30132e-05
2.40838e-05
8.8395e-05
0.00012844
1.61472e-05
2.86363e-05
8.46081e-06
3.63975e-06
3.65166e-05
5.95278e-05
4.68879e-05
1.36341e-05
4.02585e-05
1.78809e-05
6.26923e-05
6.91427e-05
1.11211e-05
3.02651e-05
3.40649e-06
4.49641e-05
5.08544e-05
3.8631e-05
8.30229e-05
2.24383e-06
1.93883e-05
2.23725e-05
7.07138e-05
4.45236e-05
1.10169e-06
5.06934e-05
5.95007e-05
3.49456e-05
3.09186e-05
5.07695e-05
7.98491e-06
9.12179e-07
6.93289e-05
5.07877e-05
5.00883e-06
2.90128e-05
4.56177e-06
1.79407e-05
2.29286e-05
1.6277e-05
3.48667e-06
1.0299e-05
4.76921e-05
4.44472e-05
2.12276e-05
1.58328e-05
8.0013e-07
1.17993e-05
2.21898e-05
7.78408e-06
3.24074e-06
1.26224e-05
1.27037e-05
1.75618e-05
5.95324e-06
3.39499e-05
2.15595e-05
2.70073e-07
2.24463e-05
2.04047e-06
2.03716e-06
3.74804e-05
3.61155e-07
2.9515e-06
2.89022e-05
6.06031e-07
2.42232e-05
2.45212e-05
7.76958e-06
1.63483e-05
2.39928e-07
1.67133e-05
1.85582e-05
1.10141e-05
1.56994e-05
4.71238e-06
3.04325e-05
1.91808e-05
7.82614e-06
1.56041e-05
1.76047e-05
5.07934e-06
1.07903e-05
1.17818e-05
1.6043e-07
6.75322e-06
1.03697e-05
1.59168e-05
4.40313e-06
1.62461e-05
9.56812e-06
1.32689e-06
7.10042e-06
9.65346e-06
1.39109e-05
4.40685e-06
1.61926e-05
4.92713e-06
5.20811e-06
3.78754e-07
7.20821e-06
2.42967e-06
8.6126e-06
4.70263e-06
4.24582e-06
4.2075e-06
1.74504e-07
1.58263e-06
3.08271e-06
3.91684e-06
1.21239e-06
2.46201e-07
4.34013e-06
2.86789e-06
3.40649e-06
6.657e-07
1.38007e-06
2.36991e-06
3.39461e-07
8.01535e-06
2.46783e-06
3.25475e-07
6.91971e-07
2.84959e-06
4.04219e-06
4.25584e-07
5.52403e-07
6.14234e-06
2.77103e-06
3.402e-07
3.50478e-06
9.12179e-07
8.73085e-07
4.79565e-06
9.22904e-07
1.06242e-06
3.24228e-06
1.12531e-06
5.7015e-07
5.3522e-06
7.20168e-08
1.34057e-07
3.51125e-06
2.04914e-06
4.99978e-06
3.14604e-06
3.89962e-06
2.71246e-06
1.4901e-06
1.99886e-06
4.13973e-07
1.57273e-06
4.60511e-06
9.04887e-07
7.97149e-07
1.32118e-06
1.86335e-06
2.67604e-06
1.0657e-06
2.57211e-07
2.08225e-07
2.37206e-06
3.61155e-07
8.55984e-07
2.28067e-06
6.06031e-07
7.55478e-07
1.58762e-06
1.56856e-06
7.7778e-08
1.54364e-06
2.76956e-06
1.52525e-06
1.02696e-06
2.68635e-06
1.53316e-06
6.35988e-07
2.48209e-06
1.8921e-06
3.43076e-07
2.02052e-06
4.58624e-07
1.31944e-06
1.17812e-07
1.45251e-06
4.39861e-07
7.35689e-07
2.40846e-07
2.04635e-06
1.2412e-07
5.60094e-07
1.32689e-06
1.72688e-06
2.01258e-07
4.57805e-07
1.39793e-06
1.49042e-06
1.37962e-07
4.08075e-07
1.29348e-06
9.50894e-07
1.90991e-07
9.29569e-07
1.36568e-06
1.6958e-07
5.72651e-07
1.74504e-07
6.09611e-08
1.08649e-07
2.83883e-07
2.07715e-07
4.47689e-07
2.71561e-07
4.45402e-07
1.6861e-07
6.657e-07
4.75219e-07
6.51856e-07
9.30056e-07
5.12373e-07
2.11772e-07
3.25475e-07
1.53341e-07
2.17745e-07
7.29111e-08
4.25584e-07
6.1167e-08
9.83683e-08
4.37327e-08
3.402e-07
7.93189e-08
4.01265e-07
1.73877e-08
1.96445e-07
1.05719e-07
1.35453e-07
1.20661e-07
3.9997e-07
1.97509e-07
1.10171e-07
7.20169e-08
1.34057e-07
1.12727e-07
2.75678e-07
1.31438e-07
2.91525e-07
1.80232e-07
1.35802e-08
2.85894e-07
2.59702e-08
1.31296e-07
1.91519e-07
1.58911e-08
1.13459e-07
2.37363e-08
1.90435e-07
3.86145e-07
2.94755e-08
1.09903e-07
2.57211e-07
2.40851e-07
4.16383e-08
6.77098e-08
1.77793e-08
2.80754e-08
2.05791e-07
2.67801e-08
1.32398e-07
7.44538e-08
7.7778e-08
1.16786e-07
1.55099e-07
1.62616e-07
2.82442e-08
7.89343e-08
1.02512e-07
1.40725e-07
5.31891e-08
2.60242e-07
5.31275e-08
3.70853e-08
9.51723e-08
1.01756e-07
1.46624e-07
3.12213e-08
6.5207e-08
1.28062e-07
3.22205e-10
4.30769e-08
8.9627e-09
2.58434e-09
1.17176e-07
1.00122e-07
9.62338e-08
5.53637e-08
6.23963e-09
1.18222e-07
5.36043e-08
5.99406e-08
1.28645e-08
3.23988e-08
7.10754e-08
9.46898e-09
5.2528e-08
8.8055e-08
1.49664e-08
1.87927e-08
1.51223e-08
3.42973e-08
1.38564e-07
6.57042e-08
3.8034e-08
3.23005e-10
4.78061e-08
2.56622e-08
3.28657e-08
1.95248e-08
4.75037e-08
1.48968e-08
5.06514e-08
4.25678e-08
5.23028e-09
4.56154e-08
5.98346e-08
2.14724e-08
7.37094e-08
1.20433e-08
2.35744e-09
4.37327e-08
1.92862e-08
1.02836e-08
3.65499e-08
2.53972e-08
2.92014e-08
1.68583e-08
2.42633e-08
3.60011e-09
5.6781e-08
1.11888e-08
9.231e-10
8.43072e-10
5.05043e-09
4.47569e-08
9.98443e-09
1.61536e-09
6.07355e-09
2.52573e-08
1.35802e-08
1.94951e-08
3.1882e-08
1.82249e-08
1.85076e-09
1.11044e-08
7.93517e-09
2.37363e-08
1.11136e-08
7.77746e-09
5.4158e-09
7.65711e-09
4.46537e-09
1.63131e-08
2.41898e-08
3.38013e-09
1.77792e-08
7.5973e-09
1.43406e-08
7.22371e-09
1.38148e-09
1.89275e-08
4.7734e-09
8.06436e-09
1.56612e-08
2.63525e-08
1.1599e-08
2.39745e-09
7.13569e-09
1.64507e-08
7.64718e-09
2.28802e-08
1.93595e-08
5.41696e-09
1.21028e-08
6.48174e-09
1.44058e-08
7.54119e-09
2.07345e-09
1.70082e-08
3.22225e-10
4.05887e-09
8.96268e-09
1.38379e-08
7.20207e-09
7.34843e-09
1.71181e-09
1.43101e-08
3.7901e-09
6.04824e-10
5.7126e-09
5.58156e-09
1.28645e-08
5.58175e-09
1.19101e-09
9.323e-10
5.86866e-09
1.62239e-09
6.99951e-09
3.22155e-09
1.51223e-08
2.87849e-09
5.12103e-10
8.90002e-09
3.59938e-09
3.22986e-10
1.41992e-09
2.40801e-10
1.22392e-09
9.71848e-10
8.44486e-10
3.08496e-09
4.47921e-09
3.08679e-09
2.81458e-10
2.86127e-09
7.19767e-09
8.96864e-10
8.36121e-09
2.2186e-09
2.44309e-09
3.17991e-09
9.48263e-10
3.15683e-09
2.85336e-09
2.73752e-10
6.62993e-11
3.57132e-09
3.05753e-10
3.01939e-10
4.17061e-10
3.73592e-09
2.71846e-09
2.7156e-09
1.57277e-09
5.76042e-10
2.09243e-11
1.61534e-09
2.69846e-10
4.61371e-10
1.46444e-09
1.22485e-09
6.32606e-11
1.56249e-09
9.11643e-10
3.06225e-10
2.61723e-09
5.33914e-10
1.03614e-09
2.85345e-09
1.80213e-09
2.95473e-09
4.72538e-09
1.65e-09
2.1415e-09
3.05286e-09
3.17591e-09
5.9397e-10
2.3334e-09
3.31243e-09
5.2967e-10
3.484e-09
2.94831e-09
2.71366e-09
1.76858e-09
2.60358e-09
1.71723e-09
4.10911e-09
2.40199e-09
3.74389e-09
2.97929e-09
5.30647e-09
2.3866e-09
4.00024e-09
4.51112e-09
5.12878e-09
4.10473e-09
4.95704e-09
4.59881e-09
5.20254e-09
3.93977e-09
5.23729e-09
4.85618e-09
6.41855e-09
5.99483e-09
6.62278e-09
4.58967e-09
6.21662e-09
6.23967e-09
7.23635e-09
6.73926e-09
6.58686e-09
7.25944e-09
7.36957e-09
6.67101e-09
7.76168e-09
8.31342e-09
8.1444e-09
8.13765e-09
8.45682e-09
8.4636e-09
9.57015e-09
8.9336e-09
9.56135e-09
9.58454e-09
9.84845e-09
9.84531e-09
1.12496e-08
1.08e-08
1.01599e-08
1.11185e-08
1.07627e-08
1.16811e-08
1.15776e-08
1.18444e-08
1.25566e-08
1.33307e-08
1.29916e-08
1.37567e-08
1.39922e-08
1.38788e-08
1.41778e-08
1.50974e-08
1.52532e-08
1.50971e-08
1.59845e-08
1.59545e-08
1.66463e-08
1.68638e-08
1.70807e-08
1.83391e-08
1.82499e-08
1.84027e-08
1.89924e-08
1.9309e-08
2.04948e-08
2.05703e-08
2.14282e-08
2.15202e-08
2.21649e-08
2.2667e-08
2.34248e-08
2.36562e-08
2.44593e-08
2.50552e-08
2.5412e-08
2.60963e-08
2.67934e-08
2.72375e-08
2.82122e-08
2.85084e-08
2.92882e-08
2.97702e-08
3.084e-08
3.13253e-08
3.20012e-08
3.27227e-08
3.35638e-08
3.43526e-08
3.51895e-08
3.60767e-08
3.67278e-08
3.7808e-08
3.85634e-08
3.95911e-08
4.05871e-08
4.14994e-08
4.24977e-08
4.34139e-08
4.42883e-08
4.54851e-08
4.63997e-08
4.74736e-08
4.87693e-08
4.9784e-08
5.09947e-08
5.22321e-08
5.32809e-08
5.47269e-08
5.59171e-08
5.73586e-08
5.85007e-08
6.00164e-08
6.12234e-08
6.27415e-08
6.42271e-08
6.57139e-08
6.73864e-08
6.88253e-08
7.05537e-08
7.20636e-08
7.37003e-08
7.54064e-08
7.72728e-08
7.90887e-08
8.09213e-08
8.28109e-08
8.46963e-08
8.66118e-08
8.8726e-08
9.07859e-08
9.29183e-08
9.51074e-08
9.72528e-08
9.9582e-08
1.01866e-07
1.04208e-07
1.06702e-07
1.09142e-07
1.11706e-07
1.14342e-07
1.16952e-07
1.19724e-07
1.22463e-07
1.25332e-07
1.28308e-07
1.31237e-07
1.34336e-07
1.37466e-07
1.40682e-07
1.43925e-07
1.47316e-07
1.50752e-07
1.54182e-07
1.57825e-07
1.61496e-07
1.65261e-07
1.69092e-07
1.73067e-07
1.77103e-07
1.81239e-07
1.85454e-07
1.89776e-07
1.94187e-07
1.98723e-07
2.03301e-07
2.08083e-07
2.12917e-07
2.17911e-07
2.2295e-07
2.2815e-07
2.33436e-07
2.38895e-07
2.44467e-07
2.50165e-07
2.56007e-07
2.61968e-07
2.68072e-07
2.74336e-07
2.80692e-07
2.87222e-07
2.9394e-07
3.00759e-07
3.07808e-07
3.14957e-07
3.22278e-07
3.29803e-07
3.375e-07
3.45339e-07
3.53373e-07
3.616e-07
3.70062e-07
3.78667e-07
3.87466e-07
3.96517e-07
4.05757e-07
4.15185e-07
4.24855e-07
4.34744e-07
4.44886e-07
4.55241e-07
4.65862e-07
4.76698e-07
4.87817e-07
4.99176e-07
5.10804e-07
5.22703e-07
5.34866e-07
5.47333e-07
5.60088e-07
5.73133e-07
5.86492e-07
6.00126e-07
6.14123e-07
6.28426e-07
6.43065e-07
6.58041e-07
6.73367e-07
6.89065e-07
7.05109e-07
7.21542e-07
7.38339e-07
7.55541e-07
7.73149e-07
7.91141e-07
8.0958e-07
8.28437e-07
8.47729e-07
8.67473e-07
8.87681e-07
9.08356e-07
9.29515e-07
9.5117e-07
9.73322e-07
9.95997e-07
1.0192e-06
1.04293e-06
1.06723e-06
1.09209e-06
1.11753e-06
1.14355e-06
1.1702e-06
1.19745e-06
1.22534e-06
1.25389e-06
1.2831e-06
1.31298e-06
1.34357e-06
1.37486e-06
1.40689e-06
1.43965e-06
1.47319e-06
1.50751e-06
1.54262e-06
1.57855e-06
1.61532e-06
1.65295e-06
1.69145e-06
1.73085e-06
1.77116e-06
1.81242e-06
1.85464e-06
1.89784e-06
1.94204e-06
1.98728e-06
2.03357e-06
2.08094e-06
2.12941e-06
2.17901e-06
2.22977e-06
2.28171e-06
2.33485e-06
2.38924e-06
2.44489e-06
2.50184e-06
2.56012e-06
2.61975e-06
2.68077e-06
2.74321e-06
2.80711e-06
2.8725e-06
2.93941e-06
3.00787e-06
3.07794e-06
3.14963e-06
3.22299e-06
3.29807e-06
3.37489e-06
3.4535e-06
3.53394e-06
3.61626e-06
3.70049e-06
3.78669e-06
3.87489e-06
3.96515e-06
4.05751e-06
4.15202e-06
4.24873e-06
4.3477e-06
4.44897e-06
4.5526e-06
4.65865e-06
4.76716e-06
4.8782e-06
4.99183e-06
5.1081e-06
5.22709e-06
5.34884e-06
5.47343e-06
5.60092e-06
5.73138e-06
5.86489e-06
6.0015e-06
6.14129e-06
6.28434e-06
6.43072e-06
6.58051e-06
6.73379e-06
6.89064e-06
7.05115e-06
7.21539e-06
7.38346e-06
7.55544e-06
7.73143e-06
7.91151e-06
8.0958e-06
8.28437e-06
8.47734e-06
8.6748e-06
8.87687e-06
9.08363e-06
9.29522e-06
9.51173e-06
9.73329e-06
9.96001e-06
1.0192e-05
1.04294e-05
1.06723e-05
1.09209e-05
1.11753e-05
1.14356e-05
1.1702e-05
1.19746e-05
1.22535e-05
1.25389e-05
1.2831e-05
1.31298e-05
1.34357e-05
1.37486e-05
1.40689e-05
1.43966e-05
1.47319e-05
1.50751e-05
1.54262e-05
1.57855e-05
1.61532e-05
1.65295e-05
1.69145e-05
1.73085e-05
1.77117e-05
1.81242e-05
1.85464e-05
1.89784e-05
1.94205e-05
1.98728e-05
2.03357e-05
2.08094e-05
2.12941e-05
2.17901e-05
2.22977e-05
2.2817e-05
2.33485e-05
2.38924e-05
2.44489e-05
2.50184e-05
2.56011e-05
2.61975e-05
2.68077e-05
2.74321e-05
2.80711e-05
2.8725e-05
2.9394e-05
3.00787e-05
3.07793e-05
3.14963e-05
3.22299e-05
3.29807e-05
3.37489e-05
3.4535e-05
3.53394e-05
3.61626e-05
3.70049e-05
3.78669e-05
3.87489e-05
3.96515e-05
4.05751e-05
4.15202e-05
4.24873e-05
4.3477e-05
4.44897e-05
4.5526e-05
4.65864e-05
4.76715e-05
4.8782e-05
4.99182e-05
5.1081e-05
5.22708e-05
5.34883e-05
5.47342e-05
5.60092e-05
5.73138e-05
5.86488e-05
6.00149e-05
6.14128e-05
6.28433e-05
6.43071e-05
6.5805e-05
6.73378e-05
6.89063e-05
7.05113e-05
7.21538e-05
7.38344e-05
7.55542e-05
7.73141e-05
7.9115e-05
8.09578e-05
8.28436e-05
8.47732e-05
8.67479e-05
8.87685e-05
9.08361e-05
9.2952e-05
9.51171e-05
9.73327e-05
9.95998e-05
0.00010192
0.000104294
0.000106723
0.000109209
0.000111753
0.000114356
0.00011702
0.000119745
0.000122534
0.000125389
0.000128309
0.000131298
0.000134356
0.000137486
0.000140688
0.000143965
0.000147319
0.00015075
0.000154262
0.000157855
0.000161532
0.000165294
0.000169144
0.000173084
0.000177116
0.000181241
0.000185463
0.000189783
0.000194204
0.000198727
0.000203356
0.000208093
0.00021294
0.0002179
0.000222976
0.000228169
0.000233484
0.000238922
0.000244488
0.000250182
0.00025601
0.000261973
0.000268075
0.000274319
0.000280709
0.000287248
0.000293938
0.000300785
0.000307791
0.00031496
0.000322297
0.000329804
0.000337486
0.000345347
0.000353391
0.000361623
0.000370046
0.000378665
0.000387485
0.000396511
0.000405747
0.000415198
0.000424869
0.000434765
0.000444892
0.000455255
0.000465859
0.00047671
0.000487814
0.000499176
0.000510803
0.000522701
0.000534876
0.000547335
0.000560084
0.00057313
0.00058648
0.00060014
0.000614119
0.000628423
0.000643061
0.00065804
0.000673367
0.000689052
0.000705101
0.000721525
0.000738331
0.000755529
0.000773127
0.000791135
0.000809562
0.000828419
0.000847715
0.00086746
0.000887666
0.000908341
0.000929499
0.000951149
0.000973304
0.000995974
0.00101917
0.00104291
0.0010672
0.00109206
0.0011175
0.00114353
0.00117016
0.00119742
0.00122531
0.00125385
0.00128305
0.00131294
0.00134352
0.00137481
0.00140684
0.0014396
0.00147313
0.00150745
0.00154256
0.00157849
0.00161525
0.00165288
0.00169137
0.00173077
0.00177108
0.00181233
0.00185455
0.00189774
0.00194195
0.00198718
0.00203346
0.00208082
0.00212929
0.00217888
0.00222963
0.00228157
0.00233471
0.00238909
0.00244473
0.00250167
0.00255994
0.00261956
0.00268058
0.00274301
0.0028069
0.00287227
0.00293917
0.00300763
0.00307768
0.00314936
0.00322271
0.00329777
0.00337458
0.00345318
0.0035336
0.0036159
0.00370012
0.0037863
0.00387448
0.00396472
0.00405706
0.00415155
0.00424824
0.00434719
0.00444843
0.00455204
0.00465805
0.00476654
0.00487755
0.00499115
0.00510739
0.00522634
0.00534806
0.00547261
0.00560006
0.00573049
0.00586394
0.00600051
0.00614026
0.00628325
0.00642958
0.00657932
0.00673254
0.00688933
0.00704978
0.00721395
0.00738195
0.00755386
0.00772978
0.00790978
0.00809398
0.00828247
0.00847535
0.00867272
0.00887468
0.00908134
0.00929282
0.00950922
0.00973065
0.00995724
0.0101891
0.0104264
0.0106692
0.0109176
0.0111718
0.011432
0.0116981
0.0119705
0.0122493
0.0125345
0.0128263
0.013125
0.0134306
0.0137433
0.0140633
0.0143907
0.0147258
0.0150686
0.0154195
0.0157784
0.0161458
0.0165217
0.0169063
0.0172999
0.0177027
0.0181148
0.0185365
0.018968
0.0194096
0.0198614
0.0203237
0.0207968
0.0212809
0.0217763
0.0222832
0.0228018
0.0233325
0.0238756
0.0244313
0.0249999
0.0255818
0.0261771
0.0267863
0.0274097
0.0280476
0.0287003
0.0293681
0.0300515
0.0307508
0.0314663
0.0321984
0.0329476
0.0337142
0.0344985
0.0353011
0.0361223
0.0369626
0.0378225
0.0387022
0.0396024
0.0405236
0.0414661
0.0424304
0.0434172
0.0444268
0.0454599
0.0465169
0.0475985
0.0487052
0.0498375
0.050996
0.0521814
0.0533943
0.0546354
0.0559051
0.0572043
0.0585336
0.0598936
0.0612851
0.0627089
0.0641656
0.065656
0.0671808
0.068741
0.0703371
0.0719702
0.073641
0.0753504
0.0770993
0.0788885
0.080719
0.0825917
0.0845076
0.0864676
0.0884728
0.0905241
0.0926226
0.0947694
0.0969655
0.0992121
