1.0
1.2703816353478655232
1.3821401975374814214
1.3831256171441594367
1.3936158260693960367
1.3998116098992894804
1.4000051336053720362
1.4003987304870186644
1.4007270912839205959
1.4007480514081639428
1.4007614879245733527
1.4007781892982306806
1.4007799582814588935
1.4007803573207782821
1.4007811733023493426
1.4007813026605713629
1.4007813119884229078
1.4007813502532519398
1.4007813588426840127
1.4007813589685406263
1.4007813606864483383
1.4007813612172220007
1.400781361217243855
1.4007813612907280435
1.4007813613216868712
